psnr:	300 frames (CPU: 0 s) mean: 10.16 stdv: 4.70
0.000
20.307
16.290
14.752
14.159
13.983
13.778
13.582
13.261
13.066
12.856
12.709
12.534
12.443
12.295
12.196
12.059
12.026
11.928
11.897
11.801
11.803
11.725
11.696
11.611
11.602
11.535
11.494
11.403
11.387
11.313
11.302
11.235
11.251
11.200
11.179
11.113
11.124
11.068
11.061
10.988
10.987
10.957
10.945
10.876
10.877
10.835
10.820
10.773
10.802
10.777
10.792
10.743
10.758
10.739
10.750
10.710
10.728
10.690
10.701
10.648
10.892
10.856
10.880
10.729
10.921
10.949
11.012
10.902
11.085
11.108
11.150
11.064
11.246
11.249
11.303
11.232
11.383
11.374
11.424
11.338
11.498
11.489
11.536
11.452
11.618
11.592
11.643
11.569
11.723
11.699
11.732
11.633
11.800
11.807
11.862
11.794
11.945
11.954
12.003
11.925
11.684
11.437
11.495
11.137
11.493
11.497
11.523
11.375
11.565
11.545
11.588
11.442
11.680
11.668
11.734
11.615
11.797
11.747
11.835
11.722
11.885
11.865
11.936
11.835
11.991
11.972
12.028
11.931
12.078
12.059
12.106
12.027
12.161
12.147
12.191
12.117
12.237
12.243
12.263
12.166
12.305
12.301
12.343
12.270
12.403
12.391
12.433
12.361
12.460
12.441
12.490
12.393
12.544
12.511
12.558
12.460
12.576
12.547
12.585
12.509
12.590
12.577
12.618
12.587
12.680
12.621
12.695
12.614
12.726
12.673
12.743
12.681
12.741
12.674
12.727
12.680
12.739
12.684
12.743
12.690
12.739
12.757
12.720
12.773
12.774
12.784
12.757
12.808
12.786
12.827
12.784
12.846
12.827
12.867
12.856
12.908
12.905
12.939
12.913
12.983
12.967
13.013
12.972
13.031
13.031
13.037
13.027
13.091
13.121
13.121
13.094
13.140
13.155
13.168
13.140
13.186
13.207
13.215
13.193
13.240
13.269
13.268
13.249
13.293
13.336
13.319
13.303
13.336
13.349
13.351
13.355
13.368
13.359
13.375
13.357
13.383
13.395
13.387
13.371
13.403
13.434
13.421
13.420
13.443
13.453
13.457
13.461
13.484
13.487
0.000
0.000
0.000
0.000
0.000
0.000
0.000
0.000
0.000
0.000
0.000
0.000
0.000
0.000
0.000
0.000
0.000
0.000
0.000
0.000
0.000
0.000
0.000
0.000
0.000
0.000
0.000
0.000
0.000
0.000
0.000
0.000
0.000
0.000
0.000
0.000
0.000
0.000
0.000
0.000
0.000
0.000
0.000
0.000
0.000
0.000
0.000
0.000
0.000
0.000
