psnr:	300 frames (CPU: 0 s) mean: 11.33 stdv: 8.84
0.000
0.000
0.000
0.000
0.000
0.000
0.000
0.000
0.000
0.000
0.000
0.000
0.000
0.000
0.000
0.000
0.000
0.000
0.000
0.000
0.000
0.000
0.000
0.000
0.000
0.000
0.000
0.000
0.000
0.000
0.000
0.000
0.000
0.000
0.000
0.000
0.000
0.000
0.000
0.000
0.000
19.869
0.000
0.000
0.000
0.000
0.000
0.000
0.000
0.000
0.000
0.000
0.000
0.000
0.000
0.000
0.000
0.000
0.000
0.000
0.000
0.000
0.000
0.000
0.000
0.000
0.000
0.000
0.000
0.000
0.000
0.000
0.000
0.000
0.000
0.000
0.000
0.000
0.000
0.000
0.000
0.000
0.000
0.000
0.000
0.000
0.000
0.000
0.000
0.000
0.000
0.000
0.000
22.828
17.164
24.239
0.000
29.106
24.943
27.223
24.534
26.358
25.539
19.834
27.064
27.831
26.475
27.199
26.168
27.362
27.028
27.780
27.261
27.912
27.371
27.890
27.257
28.075
27.987
28.242
27.625
20.152
18.149
17.164
14.495
15.917
16.473
16.270
16.008
16.293
16.173
16.131
15.660
16.230
16.335
16.342
16.043
16.414
16.343
16.408
16.125
16.525
16.450
16.519
16.217
16.631
16.535
16.646
16.387
16.705
16.625
16.730
16.513
16.846
16.798
16.876
16.627
15.939
14.253
16.450
16.770
16.766
16.505
16.698
16.324
16.024
14.268
16.040
16.513
16.645
16.108
16.294
15.750
16.276
16.102
16.351
16.223
15.517
16.296
16.430
16.236
16.457
16.453
16.371
15.504
15.737
15.466
13.810
15.046
15.326
15.204
15.170
15.365
15.189
15.161
14.851
15.151
15.166
15.298
15.122
15.126
14.706
14.516
13.403
13.931
14.077
14.087
14.078
14.309
14.279
14.286
14.100
14.300
14.315
14.337
14.183
14.409
14.406
14.461
14.275
14.388
14.457
14.534
14.425
14.611
14.636
14.636
14.511
14.624
14.655
14.655
14.602
14.591
14.564
14.538
14.453
14.547
14.646
14.596
14.536
14.633
14.656
14.620
14.582
14.644
14.683
14.688
14.768
14.776
14.813
0.000
0.000
0.000
0.000
0.000
0.000
0.000
0.000
0.000
0.000
0.000
22.128
19.467
17.255
14.906
17.193
18.412
16.717
17.393
18.195
18.030
17.692
16.383
16.912
17.111
16.955
16.734
16.961
16.873
16.889
16.899
17.046
17.031
17.187
16.815
17.171
16.996
17.178
17.054
17.227
17.231
17.235
17.078
17.346
17.071
17.323
17.151
17.363
16.043
17.243
