psnr:	300 frames (CPU: 0 s) mean: 10.99 stdv: 7.60
0.000
0.000
0.000
0.000
0.000
0.000
0.000
0.000
0.000
0.000
0.000
0.000
0.000
0.000
0.000
0.000
0.000
0.000
0.000
0.000
0.000
0.000
0.000
0.000
0.000
0.000
0.000
0.000
0.000
0.000
0.000
0.000
0.000
0.000
0.000
0.000
0.000
0.000
0.000
0.000
0.000
0.000
0.000
0.000
0.000
0.000
0.000
0.000
0.000
0.000
0.000
0.000
0.000
0.000
0.000
0.000
0.000
0.000
0.000
0.000
0.000
0.000
0.000
0.000
0.000
21.127
16.989
15.454
14.627
15.665
16.205
15.943
15.763
16.246
16.005
16.096
15.897
16.259
16.188
16.332
16.050
16.376
16.336
16.395
16.139
16.503
16.420
16.493
16.306
16.588
16.589
16.671
16.425
16.740
16.759
16.870
16.707
16.977
16.965
17.042
16.868
17.172
17.159
17.268
17.105
17.369
17.315
17.408
17.247
17.490
17.512
17.585
17.413
17.715
17.654
17.777
17.620
17.935
17.869
18.005
17.838
18.117
18.081
18.177
17.998
18.331
18.348
18.451
18.309
18.560
18.538
18.657
18.490
16.111
14.752
14.404
13.962
14.708
14.830
14.934
14.620
14.932
14.900
14.943
14.584
15.000
14.998
15.044
14.912
15.170
15.137
15.236
14.985
15.337
15.271
15.368
15.228
15.468
15.401
15.499
15.326
15.519
15.468
15.548
15.467
15.679
15.529
15.708
15.513
15.723
15.610
15.777
15.624
15.817
15.666
15.822
15.720
15.866
15.717
15.890
15.776
15.880
15.887
15.802
15.928
15.934
15.945
15.914
16.023
15.941
16.076
15.970
16.095
16.026
16.121
16.052
16.157
16.106
16.177
16.088
16.223
16.147
16.250
16.142
16.257
16.224
16.250
16.239
16.328
16.356
16.357
16.285
16.390
16.411
16.431
16.369
16.458
16.480
16.527
16.464
16.557
16.584
16.598
16.534
16.649
16.727
16.672
16.637
16.715
16.771
16.757
16.776
16.784
16.775
16.806
16.781
15.976
14.788
14.083
13.795
14.460
14.817
14.728
14.731
14.742
14.723
14.765
14.674
14.379
14.004
0.000
0.000
0.000
0.000
0.000
0.000
0.000
0.000
0.000
0.000
0.000
0.000
0.000
0.000
0.000
0.000
0.000
0.000
0.000
0.000
0.000
0.000
0.000
0.000
0.000
0.000
0.000
0.000
0.000
0.000
0.000
18.699
15.493
14.899
14.352
15.018
15.431
15.622
15.214
15.464
15.458
15.558
15.508
15.723
15.560
15.754
15.576
15.752
15.695
15.695
