psnr:	300 frames (CPU: 0 s) mean: 10.61 stdv: 4.95
0.000
20.079
16.131
14.655
14.125
13.907
13.717
13.498
13.233
12.990
12.791
12.637
12.503
12.368
12.236
12.127
12.031
11.953
11.876
11.824
11.767
11.732
11.673
11.629
11.576
11.535
11.484
11.434
11.375
11.323
11.265
11.234
11.207
11.183
11.152
11.118
11.085
11.059
11.024
11.003
10.965
10.934
10.914
10.891
10.856
10.823
10.797
10.766
10.748
10.744
10.734
10.734
10.720
10.704
10.694
10.691
10.686
10.670
10.649
10.770
10.626
10.903
10.828
10.882
10.684
10.942
10.946
10.861
10.876
11.050
11.020
11.150
11.025
11.258
11.243
11.313
11.208
11.413
11.388
11.463
11.350
11.559
11.533
11.599
11.486
11.660
11.650
11.730
11.640
11.838
11.808
11.872
11.774
11.946
11.926
12.005
11.906
12.077
12.062
12.137
12.044
12.205
12.188
12.266
12.187
12.323
12.266
12.326
12.242
12.419
12.393
12.477
12.384
12.550
12.536
12.588
12.511
12.694
12.697
12.783
12.686
12.834
12.814
12.877
12.796
12.941
12.938
12.986
12.912
13.043
13.021
13.066
13.005
13.124
13.120
13.146
13.081
13.186
13.181
13.216
13.135
13.265
13.260
13.286
13.217
13.346
13.347
13.394
13.344
13.456
13.432
13.471
13.414
13.541
13.525
13.566
13.480
13.595
13.589
13.650
13.581
13.662
13.641
13.675
13.602
13.689
13.627
13.670
13.590
13.684
13.664
13.719
13.665
13.726
13.668
13.716
13.668
13.708
13.670
13.721
13.691
13.160
13.664
13.710
13.612
13.689
13.733
13.449
13.717
13.751
13.751
13.741
13.794
13.760
13.795
13.734
13.819
13.809
13.845
13.824
13.894
13.867
13.923
13.862
13.955
13.955
13.960
13.927
13.980
13.994
14.001
13.970
14.018
14.033
14.048
13.995
14.052
14.073
14.095
14.055
14.104
14.114
14.116
14.094
14.137
14.155
14.148
14.123
14.179
14.195
14.207
14.195
14.232
14.240
14.258
14.219
14.250
14.263
14.257
14.226
14.256
14.289
14.291
14.275
14.304
14.316
14.322
14.316
14.341
14.339
0.000
0.000
0.000
0.000
0.000
0.000
0.000
0.000
0.000
0.000
0.000
0.000
0.000
0.000
0.000
0.000
0.000
0.000
0.000
0.000
0.000
0.000
0.000
0.000
0.000
0.000
0.000
0.000
0.000
0.000
0.000
0.000
0.000
0.000
0.000
0.000
0.000
0.000
0.000
0.000
0.000
0.000
0.000
0.000
0.000
0.000
0.000
0.000
0.000
0.000
