0	0	2.009100	0.000000	0.000000	0.000000
1	1	0.000000	0.131000	0.000000	-0.131000
2	1	0.000000	0.000000	0.000000	-0.131000
3	1	0.000000	0.000000	0.000000	-0.131000
4	1	0.000000	0.000000	0.000000	-0.131000
5	1	0.000000	0.133000	0.000000	-0.264000
6	1	0.000000	0.000000	0.000000	-0.264000
7	1	0.000000	0.000000	0.000000	-0.264000
8	1	0.000000	0.000000	0.000000	-0.264000
9	1	0.000000	0.131000	0.000000	-0.395000
10	1	0.000000	0.000000	0.000000	-0.395000
11	1	0.000000	0.000000	0.000000	-0.395000
12	1	0.000000	0.000000	0.000000	-0.395000
13	1	0.000000	0.132000	0.000000	-0.527000
14	1	0.000000	0.000000	0.000000	-0.527000
15	1	0.000000	0.000000	0.000000	-0.527000
16	1	0.000000	0.000000	0.000000	-0.527000
17	1	0.000000	0.132000	0.000000	-0.659000
18	1	0.000000	0.000000	0.000000	-0.659000
19	1	0.000000	0.000000	0.000000	-0.659000
20	1	0.000000	0.001000	0.000000	-0.660000
21	1	0.000000	0.132000	0.000000	-0.792000
22	1	0.000000	0.000000	0.000000	-0.792000
23	1	0.000000	0.000000	0.000000	-0.792000
24	1	0.000000	0.000000	0.000000	-0.792000
25	1	0.000000	0.131000	0.000000	-0.923000
26	1	0.000000	0.000000	0.000000	-0.923000
27	1	0.000000	0.000000	0.000000	-0.923000
28	1	0.000000	0.000000	0.000000	-0.923000
29	1	0.000000	0.133000	0.000000	-1.056000
30	1	0.000000	0.000000	0.000000	-1.056000
31	1	0.000000	0.000000	0.000000	-1.056000
32	1	0.000000	0.000000	0.000000	-1.056000
33	1	0.000000	0.131000	0.000000	-1.187000
34	1	0.000000	0.000000	0.000000	-1.187000
35	1	0.000000	0.000000	0.000000	-1.187000
36	1	0.000000	0.000000	0.000000	-1.187000
37	1	0.000000	0.132000	0.000000	-1.319000
38	1	0.000000	0.000000	0.000000	-1.319000
39	1	0.000000	0.000000	0.000000	-1.319000
40	1	0.000000	0.001000	0.000000	-1.320000
41	1	0.000000	0.131000	0.000000	-1.451000
42	1	0.000000	0.000000	0.000000	-1.451000
43	1	0.000000	0.000000	0.000000	-1.451000
44	1	0.000000	0.000000	0.000000	-1.451000
45	1	0.000000	0.132000	0.000000	-1.583000
46	1	0.000000	0.001000	0.000000	-1.584000
47	1	0.000000	0.000000	0.000000	-1.584000
48	1	0.000000	0.000000	0.000000	-1.584000
49	1	0.000000	0.132000	0.000000	-1.716000
50	1	0.000000	0.000000	0.000000	-1.716000
51	1	0.000000	0.000000	0.000000	-1.716000
52	1	0.000000	0.000000	0.000000	-1.716000
53	1	0.000000	0.132000	0.000000	-1.848000
54	1	0.000000	0.000000	0.000000	-1.848000
55	1	0.000000	0.019000	0.000000	-1.867000
56	1	0.000000	0.000000	0.000000	-1.867000
57	1	0.000000	0.112000	0.000000	-1.979000
58	1	0.000000	0.000000	0.000000	-1.979000
59	1	0.000000	0.000000	0.000000	-1.979000
60	1	0.000000	0.000000	0.000000	-1.979000
61	0	0.007400	0.133000	0.000000	-2.112000
62	0	0.007800	0.000000	0.000400	-2.111600
63	0	0.008200	0.000000	0.000400	-2.111200
64	0	0.008500	0.000000	0.000300	-2.110900
65	0	0.000500	0.132000	0.124000	-2.118900
66	0	0.000600	0.000000	0.000100	-2.118800
67	0	0.000700	0.000000	0.000100	-2.118700
68	0	0.000800	0.000000	0.000100	-2.118600
69	0	0.002300	0.132000	0.133500	-2.117100
70	0	0.002500	0.000000	0.000200	-2.116900
71	0	0.002700	0.000000	0.000200	-2.116700
72	0	0.002800	0.000000	0.000100	-2.116600
73	0	0.000500	0.131000	0.128700	-2.118900
74	0	0.000600	0.000000	0.000100	-2.118800
75	0	0.000700	0.000000	0.000100	-2.118700
76	0	0.000800	0.000000	0.000100	-2.118600
77	0	0.001800	0.133000	0.134000	-2.117600
78	0	0.001400	0.027000	0.026600	-2.118000
79	0	0.001500	0.000000	0.000100	-2.117900
80	0	0.001600	0.000000	0.000100	-2.117800
81	0	0.000500	0.105000	0.103900	-2.118900
82	0	0.000600	0.000000	0.000100	-2.118800
83	0	0.000700	0.000000	0.000100	-2.118700
84	0	0.000800	0.000000	0.000100	-2.118600
85	0	0.000500	0.131000	0.130700	-2.118900
86	0	0.000200	0.030000	0.029700	-2.119200
87	0	0.000200	0.000000	0.000000	-2.119200
88	0	0.000300	0.000000	0.000100	-2.119100
89	0	0.000500	0.102000	0.102200	-2.118900
90	0	0.000600	0.000000	0.000100	-2.118800
91	0	0.000200	0.031000	0.030600	-2.119200
92	0	0.000100	0.001000	0.000900	-2.119300
93	0	0.002000	0.101000	0.102900	-2.117400
94	0	0.002100	0.000000	0.000100	-2.117300
95	0	0.002200	0.000000	0.000100	-2.117200
96	0	0.002200	0.000000	0.000000	-2.117200
97	0	0.000500	0.132000	0.130300	-2.118900
98	0	0.000600	0.000000	0.000100	-2.118800
99	0	0.000700	0.000000	0.000100	-2.118700
100	0	0.000800	0.000000	0.000100	-2.118600
101	0	0.000500	0.132000	0.131700	-2.118900
102	0	0.000600	0.000000	0.000100	-2.118800
103	0	0.000700	0.000000	0.000100	-2.118700
104	0	0.000800	0.000000	0.000100	-2.118600
105	0	0.000500	0.132000	0.131700	-2.118900
106	0	0.001200	0.036000	0.036700	-2.118200
107	0	0.001300	0.000000	0.000100	-2.118100
108	0	0.001400	0.000000	0.000100	-2.118000
109	0	0.000500	0.133000	0.132100	-2.118900
110	0	0.000600	0.000000	0.000100	-2.118800
111	0	0.000700	0.000000	0.000100	-2.118700
112	0	0.000800	0.000000	0.000100	-2.118600
113	0	0.000500	0.095000	0.094700	-2.118900
114	0	0.000600	0.000000	0.000100	-2.118800
115	0	0.000700	0.000000	0.000100	-2.118700
116	0	0.000800	0.000000	0.000100	-2.118600
117	0	0.000500	0.131000	0.130700	-2.118900
118	0	0.000600	0.000000	0.000100	-2.118800
119	0	0.000700	0.000000	0.000100	-2.118700
120	0	0.000800	0.000000	0.000100	-2.118600
121	0	0.000500	0.133000	0.132700	-2.118900
122	0	0.000200	0.041000	0.040700	-2.119200
123	0	0.000300	0.000000	0.000100	-2.119100
124	0	0.000300	0.000000	0.000000	-2.119100
125	0	0.004000	0.090000	0.093700	-2.115400
126	0	0.000100	0.044000	0.040100	-2.119300
127	0	0.000200	0.000000	0.000100	-2.119200
128	0	0.000200	0.000000	0.000000	-2.119200
129	0	0.000500	0.088000	0.088300	-2.118900
130	0	0.000600	0.000000	0.000100	-2.118800
131	0	0.000700	0.000000	0.000100	-2.118700
132	0	0.000100	0.001000	0.000400	-2.119300
133	0	0.000300	0.132000	0.132200	-2.119100
134	0	0.000300	0.000000	0.000000	-2.119100
135	0	0.000400	0.000000	0.000100	-2.119000
136	0	0.000400	0.000000	0.000000	-2.119000
137	0	0.000300	0.132000	0.131900	-2.119100
138	0	0.000400	0.000000	0.000100	-2.119000
139	0	0.000400	0.000000	0.000000	-2.119000
140	0	0.000400	0.000000	0.000000	-2.119000
141	0	0.000300	0.132000	0.131900	-2.119100
142	0	0.000300	0.000000	0.000000	-2.119100
143	0	0.000400	0.000000	0.000100	-2.119000
144	0	0.000400	0.000000	0.000000	-2.119000
145	0	0.000300	0.131000	0.130900	-2.119100
146	0	0.000400	0.000000	0.000100	-2.119000
147	0	0.000400	0.000000	0.000000	-2.119000
148	0	0.000500	0.000000	0.000100	-2.118900
149	0	0.000300	0.133000	0.132800	-2.119100
150	0	0.000400	0.000000	0.000100	-2.119000
151	0	0.000400	0.000000	0.000000	-2.119000
152	0	0.000500	0.000000	0.000100	-2.118900
153	0	0.001700	0.131000	0.132200	-2.117700
154	0	0.001800	0.000000	0.000100	-2.117600
155	0	0.001800	0.000000	0.000000	-2.117600
156	0	0.001900	0.000000	0.000100	-2.117500
157	0	0.000300	0.186000	0.184400	-2.119100
158	0	0.000400	0.000000	0.000100	-2.119000
159	0	0.000500	0.000000	0.000100	-2.118900
160	0	0.000500	0.000000	0.000000	-2.118900
161	0	0.000300	0.078000	0.077800	-2.119100
162	0	0.000400	0.000000	0.000100	-2.119000
163	0	0.000400	0.000000	0.000000	-2.119000
164	0	0.000500	0.000000	0.000100	-2.118900
165	0	0.000300	0.133000	0.132800	-2.119100
166	0	0.000300	0.000000	0.000000	-2.119100
167	0	0.000400	0.000000	0.000100	-2.119000
168	0	0.000400	0.000000	0.000000	-2.119000
169	0	0.000300	0.131000	0.130900	-2.119100
170	0	0.000300	0.000000	0.000000	-2.119100
171	0	0.000400	0.000000	0.000100	-2.119000
172	0	0.000400	0.000000	0.000000	-2.119000
173	0	0.002400	0.133000	0.135000	-2.117000
174	0	0.002500	0.000000	0.000100	-2.116900
175	0	0.002600	0.000000	0.000100	-2.116800
176	0	0.002700	0.000000	0.000100	-2.116700
177	0	0.000200	0.132000	0.129500	-2.119200
178	0	0.000100	0.060000	0.059900	-2.119300
179	0	0.000200	0.000000	0.000100	-2.119200
180	0	0.000200	0.000000	0.000000	-2.119200
181	0	0.002800	0.039000	0.041600	-2.116600
182	0	0.002900	0.000000	0.000100	-2.116500
183	0	0.002900	0.000000	0.000000	-2.116500
184	0	0.000200	0.131000	0.128300	-2.119200
185	0	0.000100	0.001000	0.000900	-2.119300
186	0	0.000100	0.062000	0.062000	-2.119300
187	0	0.000100	0.000000	0.000000	-2.119300
188	0	0.000300	0.070000	0.070200	-2.119100
189	0	0.000300	0.000000	0.000000	-2.119100
190	0	0.000400	0.000000	0.000100	-2.119000
191	0	0.000400	0.000000	0.000000	-2.119000
192	0	0.000300	0.132000	0.131900	-2.119100
193	0	0.000300	0.000000	0.000000	-2.119100
194	0	0.000300	0.000000	0.000000	-2.119100
195	0	0.000400	0.000000	0.000100	-2.119000
196	0	0.000200	0.132000	0.131800	-2.119200
197	0	0.000300	0.000000	0.000100	-2.119100
198	0	0.000300	0.000000	0.000000	-2.119100
199	0	0.000400	0.000000	0.000100	-2.119000
200	0	0.000300	0.132000	0.131900	-2.119100
201	0	0.000300	0.000000	0.000000	-2.119100
202	0	0.000300	0.000000	0.000000	-2.119100
203	0	0.000400	0.000000	0.000100	-2.119000
204	0	0.000300	0.132000	0.131900	-2.119100
205	0	0.000300	0.000000	0.000000	-2.119100
206	0	0.000300	0.000000	0.000000	-2.119100
207	0	0.000400	0.000000	0.000100	-2.119000
208	0	0.000300	0.132000	0.131900	-2.119100
209	0	0.000300	0.000000	0.000000	-2.119100
210	0	0.000300	0.000000	0.000000	-2.119100
211	0	0.000400	0.000000	0.000100	-2.119000
212	0	0.001400	0.132000	0.133000	-2.118000
213	0	0.001400	0.000000	0.000000	-2.118000
214	0	0.001500	0.000000	0.000100	-2.117900
215	0	0.001500	0.000000	0.000000	-2.117900
216	0	0.000300	0.132000	0.130800	-2.119100
217	0	0.000300	0.000000	0.000000	-2.119100
218	0	0.000400	0.000000	0.000100	-2.119000
219	0	0.000400	0.000000	0.000000	-2.119000
220	0	0.000300	0.132000	0.131900	-2.119100
221	0	0.000300	0.000000	0.000000	-2.119100
222	0	0.000400	0.000000	0.000100	-2.119000
223	0	0.000400	0.000000	0.000000	-2.119000
224	0	0.000300	0.132000	0.131900	-2.119100
225	0	0.000400	0.000000	0.000100	-2.119000
226	0	0.000400	0.000000	0.000000	-2.119000
227	0	0.000500	0.000000	0.000100	-2.118900
228	0	0.000300	0.131000	0.130800	-2.119100
229	0	0.000300	0.000000	0.000000	-2.119100
230	0	0.000400	0.000000	0.000100	-2.119000
231	0	0.000400	0.000000	0.000000	-2.119000
232	0	0.000300	0.133000	0.132900	-2.119100
233	0	0.000300	0.000000	0.000000	-2.119100
234	0	0.000300	0.000000	0.000000	-2.119100
235	0	0.000400	0.000000	0.000100	-2.119000
236	0	0.000200	0.131000	0.130800	-2.119200
237	0	0.000300	0.000000	0.000100	-2.119100
238	0	0.000300	0.000000	0.000000	-2.119100
239	0	0.000400	0.000000	0.000100	-2.119000
240	0	0.001700	0.133000	0.134300	-2.117700
241	0	0.001800	0.000000	0.000100	-2.117600
242	0	0.001800	0.000000	0.000000	-2.117600
243	0	0.001900	0.000000	0.000100	-2.117500
244	0	0.000300	0.132000	0.130400	-2.119100
245	0	0.000300	0.000000	0.000000	-2.119100
246	0	0.000300	0.000000	0.000000	-2.119100
247	0	0.000400	0.000000	0.000100	-2.119000
248	0	0.000100	0.082000	0.081700	-2.119300
249	0	0.000300	0.000000	0.000200	-2.119100
250	0	0.002300	0.067000	0.069000	-2.117100
251	0	0.000100	0.081000	0.078800	-2.119300
252	0	0.000200	0.000000	0.000100	-2.119200
253	0	0.000200	0.000000	0.000000	-2.119200
254	0	0.000200	0.000000	0.000000	-2.119200
255	0	0.000200	0.133000	0.133000	-2.119200
256	0	0.000100	0.086000	0.085900	-2.119300
257	0	0.000100	0.000000	0.000000	-2.119300
258	0	0.000200	0.000000	0.000100	-2.119200
259	0	0.000200	0.046000	0.046000	-2.119200
260	0	0.000100	0.087000	0.086900	-2.119300
261	0	0.000200	0.000000	0.000100	-2.119200
262	0	0.000200	0.000000	0.000000	-2.119200
263	0	0.001100	0.045000	0.045900	-2.118300
264	0	0.001500	0.000000	0.000400	-2.117900
265	0	0.001800	0.000000	0.000300	-2.117600
266	0	0.002100	0.000000	0.000300	-2.117300
267	0	0.001100	0.132000	0.131000	-2.118300
268	0	0.001100	0.000000	0.000000	-2.118300
269	0	0.001200	0.000000	0.000100	-2.118200
270	0	0.001200	0.000000	0.000000	-2.118200
271	0	0.000200	0.132000	0.131000	-2.119200
272	0	0.000900	0.091000	0.091700	-2.118500
273	0	0.001000	0.000000	0.000100	-2.118400
274	0	0.001000	0.000000	0.000000	-2.118400
275	0	0.001100	0.000000	0.000100	-2.118300
276	0	0.000200	0.074000	0.073100	-2.119200
277	0	0.000200	0.000000	0.000000	-2.119200
278	0	0.000300	0.000000	0.000100	-2.119100
279	0	0.000300	0.000000	0.000000	-2.119100
280	0	0.000200	0.131000	0.130900	-2.119200
281	0	0.000200	0.000000	0.000000	-2.119200
282	0	0.000300	0.000000	0.000100	-2.119100
283	0	0.000300	0.000000	0.000000	-2.119100
284	0	0.000200	0.133000	0.132900	-2.119200
285	0	0.000200	0.000000	0.000000	-2.119200
286	0	0.000300	0.000000	0.000100	-2.119100
287	0	0.000300	0.000000	0.000000	-2.119100
288	0	0.000200	0.132000	0.131900	-2.119200
289	0	0.000200	0.000000	0.000000	-2.119200
290	0	0.000300	0.000000	0.000100	-2.119100
291	0	0.000300	0.000000	0.000000	-2.119100
292	0	0.000100	0.132000	0.131800	-2.119300
293	0	0.000200	0.000000	0.000100	-2.119200
294	0	0.000200	0.000000	0.000000	-2.119200
295	0	0.000300	0.000000	0.000100	-2.119100
296	0	0.000100	0.131000	0.130800	-2.119300
297	0	0.000200	0.000000	0.000100	-2.119200
298	0	0.000200	0.000000	0.000000	-2.119200
299	0	0.000300	0.000000	0.000100	-2.119100
