psnr:	300 frames (CPU: 0 s) mean: 10.78 stdv: 4.99
0.000
21.475
17.328
15.712
14.970
14.681
14.424
14.186
13.924
13.818
13.627
13.730
13.633
13.636
13.485
13.554
13.250
13.276
13.061
12.993
12.842
12.927
12.789
12.734
12.570
12.611
12.525
12.409
12.302
12.299
12.209
12.188
12.078
12.110
12.025
12.002
11.902
11.925
11.859
11.789
11.703
11.698
11.628
11.561
11.501
11.518
11.454
11.432
11.365
11.386
11.391
11.362
11.332
11.358
11.348
11.341
11.293
11.322
11.295
11.268
11.231
11.313
11.297
11.328
11.287
11.390
11.415
11.432
11.423
11.512
11.504
11.544
11.523
11.617
11.631
11.642
11.636
11.735
11.746
11.740
11.706
11.794
11.813
11.831
11.796
11.904
11.913
11.916
11.884
11.942
11.957
11.972
11.966
12.037
12.041
12.072
12.057
12.122
12.126
12.129
12.135
12.175
12.176
12.221
12.204
12.283
12.303
12.324
12.299
12.383
12.392
12.426
12.405
12.486
12.510
12.515
12.487
12.579
12.571
12.619
12.605
12.689
12.715
12.709
12.709
12.791
12.773
12.799
12.770
12.833
12.843
12.840
12.840
12.919
12.912
12.921
12.915
13.023
13.037
13.063
13.027
13.113
13.098
13.134
13.132
13.220
13.265
13.289
13.278
13.312
13.328
13.377
13.355
13.446
13.445
13.469
13.442
13.509
13.521
13.546
13.518
13.575
13.551
13.568
13.567
13.609
13.550
13.575
13.543
13.589
13.533
13.568
13.547
13.578
13.534
13.549
13.525
13.554
13.512
13.540
13.512
13.537
13.507
13.506
13.523
13.522
13.503
13.499
13.542
13.524
13.561
13.561
13.592
13.607
13.619
13.645
13.686
13.694
13.714
13.733
13.788
13.793
13.820
13.839
13.868
13.887
13.886
13.883
13.906
13.921
13.909
13.906
13.930
13.949
13.951
13.937
13.957
13.978
13.958
13.964
13.988
14.003
13.989
14.000
14.014
14.038
14.050
14.059
14.071
14.096
14.082
14.094
14.096
14.138
14.124
14.134
14.133
14.171
14.138
14.160
14.171
14.194
14.183
14.190
14.190
14.218
14.185
14.188
14.187
14.204
0.000
0.000
0.000
0.000
0.000
0.000
0.000
0.000
0.000
0.000
0.000
0.000
0.000
0.000
0.000
0.000
0.000
0.000
0.000
0.000
0.000
0.000
0.000
0.000
0.000
0.000
0.000
0.000
0.000
0.000
0.000
0.000
0.000
0.000
0.000
0.000
0.000
0.000
0.000
0.000
0.000
0.000
0.000
0.000
0.000
0.000
0.000
0.000
0.000
0.000
