psnr:	300 frames (CPU: 0 s) mean: 10.17 stdv: 4.69
0.000
20.430
16.478
15.153
14.252
14.138
13.912
13.723
13.345
13.170
12.944
12.857
12.653
12.589
12.433
12.373
12.204
12.170
12.065
12.012
11.940
11.923
11.837
11.806
11.724
11.713
11.636
11.586
11.488
11.467
11.402
11.384
11.303
11.342
11.282
11.274
11.177
11.198
11.146
11.135
11.046
11.064
11.029
11.010
10.933
10.939
10.901
10.899
10.827
10.872
10.844
10.855
10.798
10.836
10.811
10.819
10.765
10.782
10.759
10.765
10.710
10.862
10.862
10.856
10.780
10.899
10.947
10.969
10.921
11.063
11.079
11.105
11.070
11.207
11.231
11.254
11.210
11.356
11.355
11.396
11.345
11.449
11.476
11.509
11.450
11.575
11.575
11.605
11.557
11.688
11.710
11.731
11.691
11.807
11.823
11.864
11.814
11.936
11.956
11.983
11.951
12.047
12.067
12.104
12.056
12.173
12.165
12.217
12.186
12.301
12.312
12.345
12.305
12.419
12.426
12.481
12.461
12.564
12.549
12.605
12.569
12.674
12.675
12.709
12.674
12.762
12.774
12.805
12.771
12.873
12.889
12.904
12.880
12.976
12.976
12.995
12.946
12.472
12.006
11.965
11.705
11.957
12.010
12.002
11.911
12.057
12.031
12.042
11.951
12.114
12.060
12.142
12.047
12.175
12.169
12.209
12.115
12.245
12.245
12.287
12.211
12.293
12.274
12.283
12.243
12.342
12.277
12.358
12.301
12.401
12.371
12.436
12.372
12.469
12.396
12.461
12.408
12.500
12.425
12.508
12.463
12.523
12.519
12.497
12.535
12.544
12.542
12.528
12.575
12.529
12.586
12.545
12.608
12.585
12.634
12.612
12.678
12.660
12.708
12.686
12.763
12.731
12.793
12.765
12.830
12.823
12.821
12.804
12.842
12.862
12.858
12.841
12.882
12.899
12.893
12.872
12.908
12.938
12.943
12.924
12.961
12.977
12.977
12.953
12.991
13.026
13.000
13.004
13.027
13.076
13.033
13.053
13.046
13.058
13.071
13.062
13.076
13.107
13.071
13.069
13.071
13.128
13.110
13.106
13.113
13.147
13.133
13.151
13.141
13.165
0.000
0.000
0.000
0.000
0.000
0.000
0.000
0.000
0.000
0.000
0.000
0.000
0.000
0.000
0.000
0.000
0.000
0.000
0.000
0.000
0.000
0.000
0.000
0.000
0.000
0.000
0.000
0.000
0.000
0.000
0.000
0.000
0.000
0.000
0.000
0.000
0.000
0.000
0.000
0.000
0.000
0.000
0.000
0.000
0.000
0.000
0.000
0.000
0.000
0.000
